9665
6886
7650
6856
4918
9356
4644
6902
8351
154
2660
974
1488
3407
478
4725
9360
3009
4012
3895
8757
3396
6343
454
9808
6186
8543
4987
1518
5218
2242
8150
1361
9976
5333
6565
242
6356
7630
1320
1623
6117
7175
6025
9494
9081
274
1569
1927
1787
4213
7632
7021
9542
3493
1187
4827
9893
5726
59
2223
7011
4843
6756
2996
4613
6281
9968
4086
9316
7601
2566
6616
1094
6254
5200
3674
1528
6766
8359
1710
3019
619
1409
6607
3930
2909
8002
6343
3834
8423
1349
2720
8461
8156
9056
4296
4788
2970
2349
920
3565
9082
147
481
7888
2739
5534
1019
9250
701
6940
854
7495
4010
143
7920
21
1127
784
3716
1
1019
1064
1908
3329
3320
352
4103
488
3047
5699
2045
8944
3904
5736
3861
635
7659
1867
4947
6784
5769
768
8122
4241
9032
4200
2745
4594
7490
7550
1838
715
9982
3155
7781
7731
3585
7120
4980
4625
6581
7886
8450
4959
1517
5858
190
8018
2116
7287
7293
9296
4142
2328
86
8453
7305
9885
2916
6420
489
9822
7405
3029
7370
9063
2013
6704
299
4292
1599
4013
795
3499
6281
7794
754
2412
4497
5623
4632
6615
9412
3450
5476
892
9717
8926
7551
7387
799
4349
7712
1607
4810
6298
4142
824
5933
3836
6965
2970
4347
9089
3491
667
1423
3675
1839
7090
318
307
8070
1028
7770
122
6144
2102
6465
2760
5738
6660
866
8823
5364
2412
8931
5864
1562
6745
9015
5859
6646
1643
6227
4058
1993
5333
3273
1945
6184
6421
5017
1459
3370
2107
7560
9163
2953
1627
5826
5027
8257
7111
8704
9586
5235
6464
3863
9847
8282
8027
1659
9070
2903
438
9276
6179
6161
8407
5275
8307
1847
5775
6148
3981
1418
1550
9887
8012
3184
3180
9601
290
7157
1319
4299
2225
1499
8052
7877
1499
8852
8380
7026
6269
5602
4509
9362
9328
2177
9854
793
7896
561
6578
7006
6044
1938
9324
4019
8041
7328
1903
1561
5733
7193
6659
4797
1713
6358
6202
3735
3623
2175
2182
3261
264
2411
9923
3627
5707
302
5552
7948
2147
3933
8062
2430
825
4489
1956
8163
4462
8371
1785
2311
9912
1640
7270
3319
6390
8198
8562
1540
2875
1527
1941
4415
8321
6770
335
4348
7739
9799
3970
5023
2205
5816
314
9466
2469
761
9529
4906
3090
8789
5750
4445
8766
7537
1466
1979
2068
2585
1431
7779
1137
4918
3657
2634
109
9563
5502
25
8251
4247
4071
3687
3872
198
4784
8545
6369
3037
5856
3075
2915
7565
8790
7615
4211
7652
9468
5327
7682
425
2668
4000
9869
7539
5747
9502
117
2377
3898
6584
3230
9977
228
6430
4813
6719
6454
4863
1974
2539
3938
8230
3988
7457
7841
1032
6269
6072
2961
324
9274
6369
8061
6621
6279
1552
3354
4766
1219
4152
8387
8525
491
9459
7574
4555
3579
7171
5750
8100
3728
830
2534
4837
9893
9486
6566
8394
8649
6533
9979
4964
6041
9234
9624
3194
3359
8754
9239
8508
6049
13
487
8454
7478
5646
4020
1045
7242
7063
545
3089
6156
437
4258
3535
4761
8388
1486
8024
4362
6741
9164
6814
6668
7731
7657
3373
7627
3603
3401
9797
6916
6118
2228
6961
5665
2928
1306
3987
4855
1192
9801
7361
2966
1153
1283
2773
7646
9478
1761
8798
4884
8754
5045
8657
7510
231
4107
1539
1268
1118
2004
4494
3162
3824
9258
1626
5626
5790
1484
8066
5074
6156
1120
9966
9684
3420
2569
4762
3767
2018
2333
2589
4780
6505
189
5359
5633
8615
3464
2366
6858
6692
4422
8594
2839
7535
8784
7783
3400
5747
9439
989
8283
691
5795
1377
4888
3044
6762
1524
754
9831
7256
514
9313
539
7255
8720
2898
5016
4822
9
4650
3779
4232
7648
1602
742
3734
7803
9325
9733
8830
6107
6983
4413
8928
1303
2593
4528
731
4350
5290
3927
2787
229
5520
7429
1395
7773
5447
1403
7264
8872
6001
2674
2470
3413
7903
55
9309
8531
3706
4939
3037
2369
9149
903
4374
1239
6999
4461
1546
1902
2225
7268
3670
6263
8812
9761
3954
6836
4651
452
9397
6032
7862
1963
8628
8202
4377
8953
7014
4650
17
2254
4797
8818
4833
7233
1360
7218
2431
471
4538
9860
7446
9389
7938
8239
8773
8436
3439
986
4260
1663
520
1976
1297
9849
1557
3779
451
9945
7563
3816
7766
4702
7674
319
1955
7122
7247
5164
8289
5912
2794
8178
5507
9409
5720
21
7379
382
8211
4470
8159
1367
4038
3694
8755
39
427
3509
7997
8859
7638
2470
6368
7115
1071
4307
4292
3659
6340
2960
1827
8514
3689
1845
2390
1260
2333
1603
7723
6769
1040
9352
3214
9109
560
9328
5677
8906
5162
6279
5344
2109
340
954
9197
4328
3476
2750
9299
5673
9321
3296
1844
3942
263
3074
1459
9642
338
9489
3631
7311
9775
8
7650
8444
5260
7903
3122
3637
5322
4497
9148
4692
9192
222
5798
6443
9928
6358
4696
7657
7764
342
5201
3132
7626
841
3107
2387
4351
1212
6484
7178
1363
5136
6624
1347
1193
1120
9525
7243
688
6390
9212
8494
8057
1933
8053
9131
8726
3746
4460
6001
8957
7984
8445
8520
2545
3626
2673
1591
3761
1620
9808
5999
7101
5378
691
3370
7765
8358
9130
8623
7747
3747
5393
6157
652
1948
2333
7087
1105
2740
727
2604
2984
3505
9811
5059
4562
2029
6385
9610
2948
1875
1404
4658
5704
2952
8868
5006
4410
2738
8625
6728
3756
2143
763
4931
4905
5629
527
6444
4812
1084
8805
9144
2228
2939
2796
8955
6952
8674
4242
8696
1945
1716
650
2051
8884
6023
8961
3691
8451
4296
3671
9398
9819
569
1057
7734
8248
7523
98
9231
7909
1716
6744
4284
3563
4015
1740
1424
2120
4534
4404
1171
9203
1805
7713
528
1254
5398
7856
1627
4733
7559
1499
8870
1151
6811
475
3170
2855
4645
6910
2441
2227
6356
673
718
5798